341.7083666666667
6.506506347036423
18.685351560719983
6.873540038407707
8.041374510952707
4.904904784688996
3.7704370113595678
4.6046044917488524
6.873540038407707
4.204204101161996
2.602602538814569
5.071738280766852
9.042375487419848
10.74407714741399
6.806806639976565
5.472138671353709
5.372038573706995
1.4014013670539986
4.004003905868568
14.481147459557986
1.8685351560719983
4.270937499593138
5.73907226507828
1.9019018552875697
5.00500488233571
4.437770995670996
16.916916502294697
6.106105956449565
4.404404296455424
18.952285154444553
8.37504150310842
5.305305175275852
26.459792477948117
2.7360693356768544
5.672338866647138
21.72172118933698
5.605605468215995
28.995661618331543
10.143476561533705
10.01000976467142
17.617617185821697
