822.8887333333333
3.2699333333333334
2.7027
15.5155
60.026633333333336
2.9696333333333333
28.261566666666667
19.986633333333334
47.48076666666667
3.003
31.998633333333334
3.5368666666666666
3.003
8.475133333333334
29.262566666666668
11.244566666666667
40.47376666666667
27.5275
40.507133333333336
8.241566666666667
64.73133333333334
6.2729333333333335
7.007000000000001
2.736066666666667
7.5075
5.238566666666666
5.238566666666666
24.991633333333333
74.54113333333333
27.761066666666668
47.7477
15.949266666666666
12.278933333333333
10.744066666666667
17.751066666666667
2.769433333333333
2.736066666666667
15.015
2.7027
8.308300000000001
2.7027
9.509500000000001
9.009
2.769433333333333
12.479133333333333
2.769433333333333
11.978633333333333
2.769433333333333
11.011000000000001
5.071733333333333
3.3033
