2305.04
2.48
2.6
7.52
0.76
1.88
4.68
2.12
5.08
4.0
2.12
1.04
6.32
4.88
29.6
0.68
8.12
3.4
4.08
1.88
2.84
0.96
0.6
3.84
2.04
25.0
2.04
6.96
13.2
5.08
7.64
11.56
4.84
2.16
17.4
6.8
9.88
3.24
7.08
4.0
2.36
3.08
1.68
3.0
5.36
1.4
3.84
3.12
1.72
1.28
2.84
5.8
1.36
12.12
48.96
19.64
2.8
2.48
17.64
5.6
12.12
17.24
6.68
9.28
5.52
3.8
3.68
6.12
8.04
3.08
2.32
3.68
7.96
3.44
5.92
3.64
3.6
2.64
3.36
18.44
8.36
8.32
2.04
8.36
6.08
4.44
3.88
9.56
9.28
7.12
1.8
11.4
14.04
11.68
24.2
21.84
4.68
3.52
1.2
5.32
4.12
2.24
9.44
3.4
1.28
2.44
2.0
3.28
11.4
7.88
4.4
8.24
10.44
2.68
12.68
6.08
1.56
7.68
3.72
21.28
3.28
2.32
6.16
4.04
0.88
90.28
24.72
65.56
4.08
14.0
1.76
12.32
2.56
59.6
2.44
3.16
4.96
14.44
9.4
3.76
5.56
4.64
3.44
0.76
15.6
3.52
3.68
41.4
12.16
13.84
1.92
15.36
4.48
23.16
11.08
3.68
12.84
11.56
17.84
8.24
2.64
3.08
2.28
10.08
0.96
6.96
1.48
5.48
3.48
8.48
21.92
1.92
3.08
3.96
2.0
3.4
3.04
15.12
32.16
2.96
10.2
37.2
2.28
3.56
4.08
2.72
1.12
4.48
5.24
4.4
28.44
8.88
2.44
44.08
1.64
3.4
4.08
19.92
3.08
18.36
3.96
3.52
22.4
8.0
24.08
9.16
6.84
4.68
4.88
4.0
42.92
4.04
4.88
6.6
18.56
5.32
18.64
10.04
16.44
6.64
5.48
27.12
3.64
4.12
21.24
5.44
6.4
3.92
3.56
5.04
2.64
2.04
1.96
2.96
17.36
6.8
4.84
3.76
0.8
3.88
3.16
0.6
1.44
2.92
1.12
2.8
3.08
3.24
1.12
5.16
18.28
30.36
21.84
0.96
2.96
0.84
4.36
1.92
31.44
2.68
2.6
4.56
1.68
14.24
1.2
2.72
2.6
0.64
9.92
1.2
1.96
4.08
6.84
3.0
3.0
3.0
2.04
2.96
4.0
15.28
17.28
7.64
1.36
2.04
1.36
