857.88
13.44
19.16
4.6
3.92
4.08
2.76
8.68
1.8
3.16
1.84
1.88
1.48
3.44
2.16
1.92
2.44
3.16
1.64
1.68
2.68
2.56
1.8
1.68
1.16
2.8
5.52
8.92
14.52
2.76
10.0
40.88
1.64
2.2
1.8
2.76
2.48
2.96
2.76
2.72
3.52
3.44
3.88
7.48
2.0
2.28
2.16
3.04
2.92
3.68
1.84
1.44
1.92
0.96
1.6
1.08
1.56
1.76
1.96
0.6
0.64
0.84
10.16
6.72
6.6
11.2
1.68
2.28
1.2
1.4
1.2
1.76
2.0
2.6
8.64
2.08
2.04
1.8
5.16
2.28
5.56
2.4
1.36
1.44
1.72
2.2
1.88
2.08
1.12
1.28
1.32
1.32
4.32
2.08
1.88
1.56
3.24
4.2
3.52
3.12
3.6
2.72
2.76
15.56
13.08
4.24
18.08
5.12
3.0
3.52
3.88
3.36
18.12
3.68
8.32
6.12
2.4
1.96
2.16
1.36
7.56
9.2
2.16
2.28
1.84
7.16
9.04
4.2
1.76
1.88
2.12
2.12
2.56
7.16
13.4
16.92
3.52
3.64
2.28
2.72
2.6
4.2
3.0
5.0
2.88
3.0
11.6
4.6
5.76
7.04
31.48
3.16
4.68
1.68
3.04
26.28
2.84
2.36
2.6
1.76
2.08
5.12
3.12
3.2
2.6
9.36
4.68
3.64
51.64
2.72
2.44
2.28
2.0
2.04
2.08
2.08
2.64
9.56
12.36
2.12
2.28
2.04
2.84
