1759.2908666666667
9.376033333333334
2.0687333333333333
1.9686333333333335
1.7350666666666668
1.7017
1.1678333333333333
1.2345666666666666
1.5015
1.3680333333333334
1.2679333333333334
1.5015
1.8685333333333334
1.7017
1.4681333333333333
1.3346666666666667
1.2012
6.006
2.9362666666666666
0.9342666666666667
1.3013000000000001
1.6349666666666667
1.3346666666666667
1.4681333333333333
1.4681333333333333
6.172833333333333
2.5692333333333335
3.9039
2.5358666666666667
59.02563333333333
2.6026000000000002
3.3033
24.357666666666667
5.939266666666667
3.1364666666666667
2.6693333333333333
4.371033333333333
3.003
3.1364666666666667
38.47176666666667
3.036366666666667
2.7027
15.8158
2.135466666666667
2.6693333333333333
3.5702333333333334
2.6026000000000002
3.1364666666666667
5.338666666666667
3.2699333333333334
14.381033333333333
44.644600000000004
11.5115
3.003
2.435766666666667
3.336666666666667
2.2355666666666667
1.9686333333333335
2.0687333333333333
1.0343666666666667
1.2679333333333334
0.6673333333333333
1.4347666666666667
1.6683333333333334
3.4701333333333335
33.9339
0.7007
3.003
4.637966666666666
68.3683
22.956266666666668
10.043366666666667
5.572233333333333
3.4367666666666667
16.149466666666665
3.336666666666667
2.3690333333333333
3.5368666666666666
54.054
5.4054
11.1111
22.989633333333334
3.1364666666666667
2.1021
2.0353666666666665
1.4347666666666667
1.2679333333333334
2.2689333333333335
1.2012
1.4347666666666667
1.2679333333333334
1.6016000000000001
1.4681333333333333
1.8351666666666666
19.986633333333334
2.736066666666667
4.337666666666666
3.3033
4.537866666666667
31.798433333333335
2.769433333333333
3.1364666666666667
7.307300000000001
3.9039
2.9362666666666666
3.6036
59.726333333333336
13.880533333333334
3.5035000000000003
2.4024
3.4034
3.5035000000000003
3.370033333333333
2.2689333333333335
2.6359666666666666
35.635600000000004
5.1051
4.270933333333334
3.336666666666667
4.270933333333334
156.02253333333334
3.6703333333333332
3.2365666666666666
3.2032000000000003
12.679333333333334
23.3233
2.9696333333333333
2.168833333333333
2.135466666666667
2.469133333333333
2.0687333333333333
3.7370666666666668
20.854166666666668
3.9706333333333332
3.2032000000000003
4.1041
4.0040000000000004
3.2699333333333334
52.619233333333334
5.6056
21.721700000000002
3.636966666666667
3.370033333333333
4.070733333333333
2.6359666666666666
2.7027
3.7704333333333335
3.5702333333333334
2.5025
3.1364666666666667
3.2365666666666666
2.5358666666666667
32.2322
1.7684333333333333
1.7684333333333333
9.4094
3.8371666666666666
3.2365666666666666
4.270933333333334
3.069733333333333
4.1041
6.2062
4.637966666666666
10.577233333333334
2.5025
11.344666666666667
4.637966666666666
2.6359666666666666
2.5358666666666667
2.5692333333333335
15.015
4.5045
1.8685333333333334
1.9686333333333335
1.9352666666666667
1.8351666666666666
36.80343333333333
62.5625
1.9352666666666667
1.4347666666666667
1.5348666666666666
1.3680333333333334
1.8351666666666666
1.7350666666666668
1.5348666666666666
1.3013000000000001
1.2012
1.6016000000000001
1.7017
1.0677333333333334
8.675333333333333
9.009
8.975633333333333
17.951266666666665
8.975633333333333
8.975633333333333
8.975633333333333
8.975633333333333
17.951266666666665
8.975633333333333
8.975633333333333
8.975633333333333
121.121
