185.9518
15.248514731742329
5.472114695855016
4.571217764220348
4.604584317243854
4.63795087026736
4.037352915844249
5.3720150367844965
5.071716059572941
4.47111810514983
4.90488329445541
4.971616400502422
4.47111810514983
4.270918787008792
5.105082612596448
5.038349506549435
5.538847801902028
7.807773407500449
5.839146779113584
4.804783635384892
4.604584317243854
4.3042853400322985
4.504484658173336
4.571217764220348
4.504484658173336
4.504484658173336
4.6713174232908665
4.20418568096178
4.037352915844249
5.17181571864346
34.634482038399426
