3705.4333333333334
7.933333333333334
24.4
5.6
51.766666666666666
6.933333333333334
20.1
45.166666666666664
8.8
43.233333333333334
25.566666666666666
96.46666666666667
15.1
65.36666666666666
33.333333333333336
55.43333333333333
65.86666666666666
24.166666666666668
2.3333333333333335
116.9
3.2333333333333334
2.966666666666667
23.6
2.4
43.333333333333336
108.06666666666666
33.43333333333333
76.43333333333334
69.83333333333333
83.66666666666667
17.066666666666666
62.86666666666667
38.8
106.73333333333333
10.333333333333334
2.5
3.466666666666667
2.5
3.0
53.333333333333336
38.666666666666664
142.23333333333332
20.566666666666666
2.3666666666666667
5.066666666666666
74.2
19.066666666666666
96.23333333333333
25.8
2.4
21.266666666666666
69.76666666666667
2.2
35.96666666666667
43.333333333333336
117.63333333333334
29.366666666666667
2.5
5.3
110.76666666666667
13.9
2.533333333333333
45.233333333333334
138.53333333333333
33.233333333333334
67.5
34.5
2.5
9.533333333333333
163.23333333333332
28.833333333333332
117.4
47.6
88.86666666666666
36.3
133.7
46.56666666666667
33.46666666666667
2.533333333333333
68.2
9.3
71.23333333333333
22.5
110.93333333333334
50.56666666666667
